26
1
Twitterlist
3589172763209186
3664
3
Jetwire
3549217244570943
7460
6
Mydo
3529417729959629
6143
8
Wordware
5100138797636533
7534
11
Brightbean
3552302255374270
5400
13
Avamm
5007669585270683
7878
15
Kwimbee
201915118458088
2688
17
Skivee
5602250787363847
9067
21
Oyoba
3530925468231148
8456
25
Blogspan
201622271017079
1718
28
Kwimbee
201915118458088
2688
31
Gevee
6761647078989108390
2300
33
Photojam
6371424271697492
1489
36
Kwimbee
201915118458088
2688
37
Layo
3581278249726350
5962
38
Brainlounge
5602239142080097
8503
40
Trudeo
372301392898872
5168
46
Linkbuzz
5602218157477985851
9975
48
Livepath
201495697955861
5446
50
Brainlounge
5602239142080097
8503
53
Oyoba
3530925468231148
8456
55
Avamm
5007669585270683
7878
57
Brainlounge
4175007725167981
3259
61
Livepath
201495697955861
5446
64
Layo
3581278249726350
5962
71
Youbridge
3535785155553104
